name: physabs
channels:
  - conda-forge
  - defaults
dependencies:
  - bzip2=1.0.8=h620ffc9_4
  - c-ares=1.18.1=h1a28f6b_0
  - ca-certificates=2021.10.26=hca03da5_2
  - cairo=1.16.0=h0ab239c_1
  - certifi=2021.10.8=py39hca03da5_2
  - expat=2.4.1=hc377ac9_2
  - ffmpeg=4.2.2=h04105a8_0
  - fontconfig=2.13.1=h1f4a5ec_0
  - freetype=2.11.0=h1192e45_0
  - gettext=0.21.0=h826f4ad_0
  - giflib=5.2.1=h1a28f6b_0
  - glib=2.69.1=h98b2900_1
  - gmp=6.2.1=hc377ac9_0
  - gnutls=3.6.15=h887c41c_0
  - graphite2=1.3.14=h0e5e14a_0
  - harfbuzz=2.8.1=hffeda63_0
  - hdf5=1.12.1=h5aa262f_1
  - icu=68.1=hc377ac9_0
  - jasper=2.0.14=h2fa5e01_1
  - jpeg=9d=h1a28f6b_0
  - krb5=1.19.2=h3b8d789_0
  - lame=3.100=h1a28f6b_0
  - libblas=3.9.0=13_osxarm64_openblas
  - libcblas=3.9.0=13_osxarm64_openblas
  - libcurl=7.80.0=hc6d1d07_0
  - libcxx=12.0.0=hf6beb65_1
  - libedit=3.1.20210910=h1a28f6b_0
  - libev=4.33=h1a28f6b_1
  - libffi=3.4.2=hc377ac9_2
  - libgfortran=5.0.0=11_1_0_h6a59814_26
  - libgfortran5=11.1.0=h6a59814_26
  - libiconv=1.16=h1230e6a_0
  - libidn2=2.3.1=h1a28f6b_0
  - liblapack=3.9.0=13_osxarm64_openblas
  - liblapacke=3.9.0=13_osxarm64_openblas
  - libnghttp2=1.46.0=h95c9599_0
  - libopenblas=0.3.18=openmp_h5dd58f0_0
  - libopencv=4.5.2=py39h643ad7e_1
  - libopus=1.3=h1a28f6b_1
  - libpng=1.6.37=hb8d0fd4_0
  - libprotobuf=3.17.2=h98b2900_1
  - libssh2=1.9.0=hf27765b_1
  - libtasn1=4.16.0=h1a28f6b_0
  - libtiff=4.2.0=h11e2f9f_0
  - libunistring=0.9.10=h1a28f6b_0
  - libvpx=1.10.0=hc377ac9_0
  - libwebp=1.2.0=h68602c7_0
  - libwebp-base=1.2.0=h1a28f6b_0
  - libxml2=2.9.12=h8c5e841_0
  - llvm-openmp=12.0.0=haf9daa7_1
  - lz4-c=1.9.3=hc377ac9_0
  - ncurses=6.3=h1a28f6b_2
  - nettle=3.7.3=h84b5d62_1
  - numpy=1.21.1=py39h1a24bff_2
  - opencv=4.5.2=py39hca03da5_1
  - openh264=1.8.0=h98b2900_0
  - openssl=1.1.1m=h1a28f6b_0
  - pcre=8.45=hc377ac9_0
  - pip=21.2.4=py39hca03da5_0
  - pixman=0.40.0=h1a28f6b_0
  - py-opencv=4.5.2=py39h86d0a89_1
  - python=3.9.7=hc70090a_1
  - readline=8.1.2=h1a28f6b_1
  - setuptools=58.0.4=py39hca03da5_1
  - sqlite=3.37.2=h1058600_0
  - tk=8.6.11=hb8d0fd4_0
  - tzdata=2021e=hda174b7_0
  - wheel=0.37.1=pyhd3eb1b0_0
  - x264=1!152.20180806=h1a28f6b_0
  - xz=5.2.5=h1a28f6b_0
  - zlib=1.2.11=h5a0b063_4
  - zstd=1.4.9=h8574219_1
  - pip:
    - cffi==1.15.0
    - pycparser==2.21
    - pygame==2.1.2
    - pymunk==6.2.1
prefix: /Users/lollipop/miniconda3/envs/physabs
